# Feature Matrix
1.000000000000000000e+00 -2.980132822443581908e-01 2.375426569025584911e-01 2.696387803131256256e+00 -4.711150899590510477e-02 8.723854533099739683e-01 9.511787637873654333e-01 4.300834891381644098e-01
1.000000000000000000e+00 6.414489198402879566e-01 5.620355605162732360e-01 1.391099453528944707e+00 2.540771792692295250e+00 -1.769819659338294215e-01 -1.321023761218291348e+00 6.454398718010381231e-01
1.000000000000000000e+00 3.826504816916243001e-01 -2.071733265128095525e+00 -4.247592346542101716e-01 2.682140180256146422e+00 8.022119252720942839e-01 2.043195931323415593e+00 2.303682052495403809e-02
1.000000000000000000e+00 -2.053153993056710647e+00 -2.479447639937071735e+00 1.677111717543602332e+00 7.600658480524291605e-01 -1.601769872049924714e+00 1.007435845794466545e-01 -1.443099591076104860e+00
1.000000000000000000e+00 3.155806417752096138e-01 -1.382037384917107037e+00 -6.534841417077519310e-01 -2.791622917588719055e+00 5.629685340681058747e-01 -1.488614567344226813e+00 1.888654369202495964e-01
1.000000000000000000e+00 -2.121268082043239467e+00 -7.772370615574155650e-01 8.331248540751428067e-01 2.878881330872938626e+00 1.762913864393446772e+00 -2.121878013240629635e+00 -9.964433530383867144e-01
1.000000000000000000e+00 2.452352419334781430e+00 -1.727874742574184719e+00 1.454219556449166006e+00 1.895956119242024229e+00 2.547496479373810629e+00 1.924552585429631257e+00 -2.202281027562828619e+00
1.000000000000000000e+00 2.454554142751489643e+00 1.237074426598560706e+00 -2.599732440671147504e+00 1.983791497222770595e+00 -1.476636933737206503e+00 -1.151064777265751182e+00 -1.251584339460219075e+00
1.000000000000000000e+00 -1.436482348199934478e-01 2.598382027158459451e+00 -3.284161511664054345e-01 1.428825405023111728e+00 -7.581333009116608679e-02 -1.637818220057214447e+00 1.268194841489900249e+00
1.000000000000000000e+00 1.215732697070079027e+00 2.194608782533694402e+00 2.849715822791168307e+00 -2.912389263153585262e+00 1.392771651034148128e+00 -2.809318543476444496e+00 -2.086357008914126787e+00
1.000000000000000000e+00 2.808066735498792710e+00 1.222199865548345699e+00 2.446670118618268219e+00 -1.992249400011120164e+00 1.265694046241982562e+00 8.901923970239771222e-01 -1.646640035401177427e+00
1.000000000000000000e+00 -1.835052676262725058e-01 -2.737024161603895500e+00 2.099641947193488178e+00 -8.643798958607868954e-01 2.354722067454202872e+00 -2.143271806425834924e+00 1.946333371090010367e+00
1.000000000000000000e+00 6.009203516011427659e-01 -1.687604436729140067e+00 3.228310192903096620e-01 1.377475910871428511e+00 -2.736311867520246466e+00 -1.487615735385163562e+00 -2.560614070909792428e+00
1.000000000000000000e+00 2.102782849477206284e+00 2.422822492046240228e+00 2.671061795357789315e+00 -2.387804450471914919e+00 2.764198938919846249e+00 -7.838810303286485315e-01 2.773650244386512753e+00
1.000000000000000000e+00 2.157676796774141259e+00 2.537607852591476920e+00 2.614074510808785945e+00 9.387769009116011532e-01 -1.610698979129481012e+00 1.827765523134304182e+00 -9.210382374172843001e-01
1.000000000000000000e+00 -1.465631924504320560e+00 2.974791356465718906e+00 1.290914316180818311e+00 -1.156157069738163790e+00 -1.528427395138657774e+00 -2.758351712978177162e+00 1.346507870691273645e+00
1.000000000000000000e+00 -2.505049733239266274e+00 -2.922634171540194892e+00 7.914682107442203574e-01 2.620407706005865478e+00 1.587484176864082386e+00 -1.049991438991141113e+00 -2.273065457009366241e+00
1.000000000000000000e+00 -1.520197230335071037e+00 -6.759848978334224157e-01 9.693748847882162067e-01 -8.915959464625240471e-01 -2.976091212334804226e+00 2.574272535664528405e+00 -9.982712653469936193e-01
1.000000000000000000e+00 3.654336440588101809e-01 6.453843931189333638e-01 -7.923636733686993949e-01 -1.188054262457628241e+00 2.474322680599672530e+00 -2.471410642480369013e+00 2.017213610505338650e+00
1.000000000000000000e+00 2.528204420353000081e+00 2.350546473531740510e+00 1.332993597050263546e+00 9.274894673553042423e-01 1.364453881653351353e+00 1.399025944946897582e+00 -2.460591419125453427e+00
1.000000000000000000e+00 -4.989267912794885795e-01 -6.405624247003718352e-01 2.869871656931200832e+00 -9.381868043499412835e-01 2.922327251771233314e+00 -1.557374635070312152e-01 -8.109260326910447958e-01
1.000000000000000000e+00 -1.567455335648358705e+00 4.104904418125032706e-01 1.832455417464807113e+00 9.864207418504467029e-02 -1.016101743058503537e+00 -2.680663360841878173e+00 9.202633100777983799e-01
1.000000000000000000e+00 -1.149990161425955115e+00 -1.918081161271787849e+00 1.768034504911266680e+00 1.390500536743825677e+00 1.266795208514119864e+00 1.865833821409677462e+00 -6.730766828424021853e-01
1.000000000000000000e+00 1.296727115753844473e+00 7.657049873252859129e-01 2.731081582078276782e+00 -2.852577796204621485e+00 2.955356350904329688e+00 -3.880649178167714375e-01 -1.293911963634263973e+00
1.000000000000000000e+00 -2.246008231785034059e+00 1.428473593474667069e+00 -1.695429278025483155e+00 2.103380014120274311e+00 -2.479519180011173329e+00 1.197230725627639991e+00 2.592630719424091623e-01
1.000000000000000000e+00 2.205894058492360088e+00 -8.635612345194552120e-01 -1.133606298403299295e+00 -7.410153029000721148e-02 8.245652536914733766e-01 2.827927479113805376e-01 -3.654036605536070681e-02
1.000000000000000000e+00 -1.363388326459051170e+00 2.002195255259095141e+00 -1.936058456993132726e+00 9.551553171815920784e-01 -1.948087827375075243e+00 1.664206757089251809e+00 -5.211722574656034723e-01
1.000000000000000000e+00 2.375462971801921341e+00 -2.237447189841246242e+00 2.711362080339707603e-01 1.840014552972870199e+00 -6.700891919631613014e-01 2.189606776552022183e-02 -2.692185374376998119e+00
1.000000000000000000e+00 -2.631071664756086115e-01 -3.335289029899248803e-01 -2.251414467039739797e+00 2.874209430655394470e+00 -2.487434797390619678e-02 -1.250050299225087924e+00 -1.159183572786327554e+00
1.000000000000000000e+00 1.629620561180556315e+00 -1.578624642836859771e+00 -1.111240613627378027e+00 1.021584487579623612e+00 2.929227245612558761e+00 -1.787979372240361853e+00 -2.715805636965251235e+00
1.000000000000000000e+00 -7.536321765290288077e-01 2.411953843556282173e+00 -7.143506856493768709e-01 2.112743890722926565e+00 -2.010479232819227136e+00 -1.128509112537098513e+00 1.189692151453906277e+00
1.000000000000000000e+00 1.025997991396311981e+00 9.191568717237155184e-01 1.240635721085305399e+00 7.588255955020275501e-01 2.537635089807626088e-01 1.094606367227773269e+00 2.711500725555035629e+00
1.000000000000000000e+00 -2.171046671687675289e+00 2.344249819925989797e+00 7.518136276042417521e-01 2.226563619417693651e+00 -1.811379256583983466e+00 1.286113454839638237e+00 -6.035025135443854438e-01
1.000000000000000000e+00 -7.830546896584396066e-01 2.109593840061750214e+00 2.266954701664559479e+00 -2.700137330691054771e-01 8.541829510990686103e-01 -1.933491668659140350e+00 1.912355996135986835e+00
1.000000000000000000e+00 2.308214871073664298e+00 2.547977873752874878e+00 -2.614962790572311402e+00 1.080891174799147869e+00 1.586234334611626551e+00 3.028956299959029153e-01 1.025171120747341291e+00
1.000000000000000000e+00 -1.231559880400573626e+00 -2.692067937536680944e+00 -2.900383568439260706e+00 1.727136609265221168e+00 -2.199881814115197898e+00 -2.624636352961697838e+00 -1.805996705871079300e+00
1.000000000000000000e+00 -5.153923733811982544e-02 1.865146930313212437e+00 -1.653910273161258049e+00 -7.961324654458561412e-01 4.439283045212532031e-01 2.370711894336317016e-01 1.852119638639862842e+00
1.000000000000000000e+00 8.630556830032753979e-01 2.214028358062682500e+00 -2.947003096698108671e+00 6.855913010728249546e-01 -1.987317471488852627e+00 1.307438980787977378e+00 -1.042189839353579561e+00
1.000000000000000000e+00 5.820982018739835340e-01 -1.342562231779221182e+00 -1.840412891951462182e+00 5.479929371163509977e-01 7.525925482500266384e-01 -2.224432090353374747e+00 -1.109180603281275879e+00
1.000000000000000000e+00 5.041119825749147410e-01 4.503157428294350950e-01 -3.699843151318842338e-01 1.035030470735708086e+00 -3.585674811460792810e-01 2.157957867562639187e+00 1.923940722397029290e+00
1.000000000000000000e+00 2.017990900340198124e+00 -2.195066446760218781e+00 -1.729276886504626409e+00 7.251554711059782221e-01 1.529069934762488536e+00 2.001984207880940225e+00 -7.931486822631077516e-01
1.000000000000000000e+00 2.531168398905787598e+00 -1.958316599067923658e+00 2.044890048337972388e+00 -5.405075372551677582e-01 -1.354160404519770822e+00 2.580393843574761092e+00 -1.805393459800848754e+00
1.000000000000000000e+00 1.785949199036803492e+00 1.139674436742060593e+00 4.681627317787699916e-01 -8.074554214112277251e-01 -7.366417801161415646e-01 3.698587423201247226e-01 1.225256143316808988e+00
1.000000000000000000e+00 2.216465149136467083e+00 1.373228204224004045e+00 4.649800174121487828e-01 1.117967237049380280e+00 3.884066753731172383e-01 -1.792198653286806831e+00 -1.867637380438352812e+00
1.000000000000000000e+00 -1.423343541161945724e+00 2.315126145426360083e+00 2.724271875632591211e+00 -1.603588209250058849e+00 1.453644184143652929e+00 5.134679910520647539e-01 2.769194605989090618e+00
1.000000000000000000e+00 -2.206664229701591040e+00 7.001879396257715271e-02 1.542316467412844005e+00 8.144330268694415231e-01 -7.254902514105694422e-01 -4.893333109917716861e-01 1.112952248976534442e+00
1.000000000000000000e+00 -1.426158827676561547e+00 -5.645651158927882385e-01 -2.962203765170209113e+00 1.036532016948784829e+00 2.782099975867273756e+00 4.046079169540748310e-01 1.746411399938823550e+00
1.000000000000000000e+00 -2.800928256729879884e-01 2.215828479266783724e+00 2.033697917091363827e+00 1.917835554602922876e+00 1.117142313721444680e+00 2.313409395452142192e+00 2.024547099669431915e+00
1.000000000000000000e+00 1.425224451387345326e+00 2.053458667840248886e+00 1.306636887568848771e+00 -1.542957638216831961e+00 -2.528430478321878283e+00 7.346253931783142122e-02 1.353190721661190921e+00
1.000000000000000000e+00 -2.325842739303655371e+00 -2.894064086054714657e+00 -1.410045860506846660e+00 -6.088025558339724697e-01 2.378041184994788892e+00 -1.032923473628671651e+00 2.080708305942480685e+00
1.000000000000000000e+00 1.242556175318547673e+00 -1.121374516698578683e+00 2.206439919605891475e+00 -2.592483420117946302e+00 2.893338077235824812e+00 -1.111860345797836214e+00 3.952895220912884255e-01
1.000000000000000000e+00 -1.764380810444324377e+00 -1.979056257031852839e+00 2.347451313883093249e+00 1.063426451369571701e+00 -4.590856325170022956e-01 2.696176253908213027e+00 2.724632191260046632e+00
1.000000000000000000e+00 -8.934339629624803436e-01 2.824155836769311811e+00 1.885940249280674053e+00 1.737854169780623792e+00 -2.911974279597933979e+00 -1.785845623301224760e+00 -1.614079087666984824e+00
1.000000000000000000e+00 1.135005413365411719e+00 -1.894504077967851918e+00 2.971650480685016582e+00 3.356322337838575365e-01 -2.712121039276357060e+00 2.594866730296788049e+00 -1.447469569018688951e-01
1.000000000000000000e+00 -2.083336087198555120e+00 8.476542088318854695e-01 2.817645484771873932e+00 -2.238653424279529958e+00 8.521346734744836837e-01 2.054761145288974689e-02 -2.672676489461224936e+00
1.000000000000000000e+00 6.916064658387810482e-01 1.240752923726674339e+00 1.197347279571143730e-01 2.299807111504262203e+00 -2.573432994974458765e+00 -2.022694391672548608e+00 -2.437625044609246672e+00
1.000000000000000000e+00 7.112431286976961253e-01 1.176905002630656227e+00 -2.241107961920053349e+00 2.334222097844188326e+00 -1.648176882726564152e-01 2.673958178054450130e+00 -2.863619128270510572e+00
1.000000000000000000e+00 5.727578314999210995e-01 -1.709669296656527226e+00 -1.743439017498968235e+00 -3.387801101019221051e-01 3.165889358751563520e-01 1.963439911166919849e+00 -1.709384657492516446e-01
1.000000000000000000e+00 -2.250888209584239519e+00 -5.776531982693082767e-01 7.409085445970648998e-01 -1.719784571607857915e+00 -2.154966761819808063e+00 -1.880121390492835776e+00 1.622615553555346146e+00
1.000000000000000000e+00 -7.890798934140326182e-01 -2.901017080478552224e+00 -5.148865864362335287e-01 -1.883067930589915617e+00 -2.741729110187903551e+00 -8.817319812589854422e-01 -2.198397316533291512e+00
1.000000000000000000e+00 -3.871314503646532401e-01 -1.421259214095705437e+00 2.217663294161553722e-01 6.566793190562241200e-01 1.143488118041826596e-01 -2.461666583703320921e+00 -2.839987432554326396e+00
1.000000000000000000e+00 1.019425395763089881e+00 -2.935806418641630167e+00 -2.925119464737919728e+00 1.326503513694362368e+00 2.700000719912538649e+00 -1.959599029343229715e+00 1.798459795739844047e+00
1.000000000000000000e+00 3.458404013406095601e-01 1.336556087607908339e+00 1.279033770926427671e+00 9.996189368323507018e-01 3.277996288225146770e-01 -2.040355634795215423e+00 2.424403492441686403e+00
1.000000000000000000e+00 2.747047014091662298e+00 2.293355230614919193e+00 8.485863961331321370e-01 -1.926485592070932285e-01 -1.022054263292352161e+00 2.279123858792837964e+00 1.852748377050568607e+00
1.000000000000000000e+00 2.380765054183617835e+00 -1.370346684950233929e+00 -5.878038479726201970e-01 -2.648319193251443604e+00 -9.149111086642296442e-01 -5.964266230043175909e-01 -1.865045302021160811e+00
1.000000000000000000e+00 2.675427382063961801e-01 -2.399371440956325152e+00 -3.333704784275446364e-01 -1.208367363432057306e+00 2.049242492691486284e+00 1.215702173660377916e+00 -2.954993839487709995e+00
1.000000000000000000e+00 -3.954727112699885083e-02 2.126387006671268232e+00 2.983753759145932882e+00 -1.128602366452783334e+00 1.043265295766460099e+00 -2.712452036949930090e+00 -7.630111278866946734e-02
1.000000000000000000e+00 -6.658933079589099968e-01 2.871894454882292891e+00 1.038093163174430344e+00 -2.370034494679438275e-01 4.450776845408910276e-01 1.349600068609618120e+00 1.872517119680543907e+00
1.000000000000000000e+00 2.802031515058795996e+00 -1.828142151536088056e+00 -5.712458767729460263e-01 -2.762510686348740752e+00 3.299129072127282569e-02 2.307339694645870409e+00 -1.591410676554928738e+00
1.000000000000000000e+00 7.035624282158536857e-02 2.044759396881040914e+00 -9.584636578715199917e-01 4.013401749147442743e-01 1.520688425696690160e+00 -2.544726024805622266e+00 -3.752388506462387419e-01
1.000000000000000000e+00 -1.278337188521667223e+00 1.121449173587813597e+00 9.567012227803242119e-01 2.270766683985248058e-01 1.360913531499590157e+00 2.947426152836202462e+00 1.204744873717971565e+00
1.000000000000000000e+00 4.572547626314715785e-02 -1.548094918727730418e+00 5.377655661945546228e-01 2.534788554755914802e+00 -7.526453486111326363e-01 -4.141280088170304907e-01 -1.433748394033467211e+00
1.000000000000000000e+00 -1.827478267851254001e+00 8.922721019559878286e-01 6.905065061630848433e-01 1.681241421689676052e+00 2.969273723381398611e+00 1.831970405600779728e+00 1.840314698261052762e+00
1.000000000000000000e+00 1.170537917518421622e-01 -1.521633750958890641e+00 -5.995166588601961166e-01 -2.991628107835036410e+00 9.418095180029597557e-01 1.533115102349634995e+00 2.701678448102078356e+00
1.000000000000000000e+00 2.978915646136426787e+00 2.313060183281636206e+00 9.197625770799637834e-01 2.117217744836260351e+00 2.907970672681651436e+00 2.089913174047009825e+00 1.740417959122977365e+00
1.000000000000000000e+00 1.893427496944293686e+00 1.463990813273255753e+00 2.103364186895291255e+00 -2.414335560686317272e+00 -1.334925095877718126e+00 -2.562849172600216718e-01 -2.757250660399785946e+00
1.000000000000000000e+00 1.328760233355930964e+00 -2.125596983733629486e+00 -2.975471062894432972e+00 5.029926680912213399e-01 -1.378070171468454008e+00 2.323918600771247789e+00 -7.663696822109518081e-01
1.000000000000000000e+00 -8.741460939219845017e-01 2.161184860812682906e+00 8.812724973819161534e-01 2.375239515503315246e+00 -1.049961551264100512e+00 2.498432998661448856e+00 -1.564706167622023969e+00
1.000000000000000000e+00 7.295670695181932786e-01 2.256555003153835059e-01 -2.054282570394138308e+00 -2.469986813379640100e+00 1.928977683068567650e+00 8.316326333578856200e-01 -1.336795892948269948e+00
1.000000000000000000e+00 -9.421933536196736014e-02 2.528381070728567437e+00 1.116799184444553283e+00 2.791910841978111790e+00 2.406427740039742247e+00 -1.487399481564280368e+00 -1.876536384927242285e+00
1.000000000000000000e+00 2.442257524719104289e+00 -1.011102773164465285e+00 1.947045912888866859e+00 2.443648257003667723e-01 6.802835710754315812e-01 -1.368735437393070464e+00 7.505498837557520453e-01
1.000000000000000000e+00 1.876542733535198515e+00 -1.345081974081487886e+00 4.760112337057176291e-01 -2.755623516348359558e+00 5.042714304653790336e-01 -1.731014875207822712e+00 1.646091368231829222e+00
1.000000000000000000e+00 2.067817145655006961e+00 7.443044072405760048e-01 -2.937585439754279104e+00 2.920774876300408884e+00 -1.783486880482491044e+00 7.512122766582738365e-01 2.369474465387989781e+00
1.000000000000000000e+00 -2.826152046707853138e+00 -2.773015690590419524e+00 1.619994207954054133e+00 -3.375677117951942918e-01 5.003118450792909400e-02 -2.953707558292652635e+00 -2.757517455864799238e+00
1.000000000000000000e+00 2.773210421864568787e+00 1.021140461995569737e+00 -6.779392036880658168e-01 1.344273511615593719e+00 -1.237385699343381384e+00 2.189988011202976814e+00 -2.136749199351860362e+00
1.000000000000000000e+00 -1.700110004809737285e+00 -2.460769016230775819e+00 2.798596179654349925e+00 1.410519340640767894e-01 1.579285274472797873e+00 -1.345811931132011363e+00 2.457238239031728888e+00
1.000000000000000000e+00 -7.020079166139883142e-01 2.992128831099620356e+00 2.389472148701337062e+00 -2.187641264203977975e+00 8.116364873873740393e-01 -9.291312411645002989e-01 -2.622258729528796906e-01
1.000000000000000000e+00 -4.468509519833663290e-02 -1.758786155223666103e+00 -2.554867216365212190e+00 -9.996093233448393178e-01 1.516863258067725262e+00 -2.678072492060189269e+00 2.529392141128484539e+00
1.000000000000000000e+00 -1.613386646820287540e+00 -1.365070357228841846e+00 -3.461668520094729473e-02 8.371559116454831972e-01 1.559354897023101927e+00 -1.937721582252515562e+00 2.397981003394409782e+00
1.000000000000000000e+00 3.316351988914409965e-01 -2.101630376438067938e+00 -4.518251354597997427e-01 -6.399355728107867236e-01 4.176473599714594087e-01 9.783308070225871234e-02 2.742399780225106554e+00
1.000000000000000000e+00 1.646017536335816267e+00 -1.234049197536179587e+00 -9.575542261135083777e-02 -1.983169198018429391e+00 -1.110328331715598527e+00 -1.842022949429883427e+00 -1.974083164421501113e+00
1.000000000000000000e+00 1.201941009036779917e-01 -1.987468951300354281e+00 -6.589838033251895766e-01 -8.017074465921227855e-01 2.690167371949497621e+00 1.381108366085232575e+00 -8.430575340056414291e-01
1.000000000000000000e+00 -2.179183405326171830e+00 1.965844576288207080e-01 1.776276928523434329e+00 2.994179841688201726e+00 9.146692565635161642e-01 2.135677882242243975e+00 1.687934890509143138e+00
1.000000000000000000e+00 -2.082691004709009697e+00 2.343079640667070862e+00 2.490141756458026379e+00 -2.820557665430404537e+00 -1.479519012115382948e+00 6.331120691066742801e-01 -2.663871951328028675e+00
1.000000000000000000e+00 -9.718045659596339370e-01 1.531730057969863168e+00 -2.378650408343316869e-01 -9.438587572656009783e-02 -4.122385366823309027e-01 -3.476382641975925836e-01 -8.788241123385933662e-01
1.000000000000000000e+00 -1.672273297324470276e+00 -2.741853444249457095e+00 -2.674814691467874539e+00 -4.915887214917580295e-01 2.822900720131329422e+00 -2.742038562132162127e+00 2.345756392095950105e-01
1.000000000000000000e+00 -3.824678455374659336e-01 1.732964447547021614e+00 -1.064118275588820328e+00 1.546037155437629096e+00 -2.471909467691927986e+00 -5.248425647880052836e-01 -1.973459129278340773e+00
1.000000000000000000e+00 1.950845135701740674e+00 -2.119477595129510838e-01 7.695810935991227453e-01 1.116177695257878355e+00 -2.099007663951839575e-01 1.608256569235297917e+00 -2.909441841434654563e+00
1.000000000000000000e+00 9.215190261640948677e-01 -1.439466886415261770e+00 -7.214789491913355945e-01 1.515496711179163292e+00 -1.434998391882187363e-01 2.620160827695379169e-01 -2.476648792927211851e+00
1.000000000000000000e+00 2.403106019583374220e+00 2.807922762164245079e+00 -1.923931454585042555e+00 -3.151495405306627973e-01 -2.756883147810097245e+00 1.021246517635610473e+00 2.109526073676249780e+00

# Target Variable
1.050371169034589158e+01
1.118960498614757881e+01
6.635082534003354127e+00
-6.745893348489334862e+00
-9.771944550491616255e+00
1.909368253215269762e-02
1.139787587367791488e+01
-2.014957076771894506e+00
6.948936589352961768e+00
9.706776753758656895e-01
1.234670028547579967e+01
3.008327800177410083e+00
-1.087702513781280267e+01
1.884867986646140636e+01
1.561157027364028949e+01
1.465228518972971905e+00
-5.878507569794087395e+00
-4.710627979475432880e+00
5.765195960441317879e+00
1.557438562628290768e+01
5.961856775578424639e+00
-1.153262568081968453e+01
6.016320500566470386e+00
6.871813057336994213e+00
-2.868628060867274510e+00
5.292785781229108366e+00
-1.867232962607768831e+00
-3.026607244567949273e-01
-3.840515762499573160e+00
-2.750019421120283525e+00
4.398434914513295269e+00
1.773239074209337218e+01
6.291430709422914269e+00
9.749925542814573021e+00
1.355869090579539993e+01
-2.474936675969786037e+01
3.452936671837424587e+00
1.692438430058896603e+00
-9.860552311996555019e+00
1.081983369189339683e+01
3.094953181074432180e+00
4.525707954292525592e+00
7.076039503206105863e+00
3.284313783994218916e+00
1.742465156107829927e+01
9.867076192234588428e-01
4.337979858824561497e+00
2.430568757700298832e+01
6.358676284923394206e+00
-6.736857141856032349e+00
5.268778796532875397e+00
9.275282141580726503e+00
-4.079087785013999046e+00
7.113716906778849491e+00
-5.508335320406920310e+00
-4.447387824163547165e+00
4.259813787431347087e+00
-8.823149529637515087e-01
-1.205959240858099690e+01
-2.288154503154219910e+01
-1.254936581173026866e+01
-3.401321135300727772e-01
1.191152827695909977e+01
1.955038200386435676e+01
-9.568713539358451925e+00
-5.913805691920128282e+00
8.016610758188219776e+00
1.343499795652523332e+01
2.145538600526801787e-01
-3.450629378147804793e-01
1.007982036525980973e+01
1.059971947621144661e+00
1.630457767159548865e+01
-1.863309730776334661e+00
2.990651805456622725e+01
-2.605858738407895281e+00
-6.232956860878085870e+00
9.538885282526994303e+00
-1.814189605454189946e+00
1.260076207443442975e+01
9.323512138617999767e+00
-2.589668083600312976e+00
8.367707321025747547e+00
-1.392878486368954682e+01
1.028395479381587307e+01
2.556945720333859029e+00
1.135869169162465298e+01
-7.164348279920172757e+00
-9.998899050996578053e-01
2.018926073328610293e+00
-1.324293110044646049e+01
-8.777382815914502867e-02
1.483442070649470956e+01
-6.768092123174349162e+00
-2.166307768726470240e+00
-1.311662416559393129e+01
8.631918101293116763e-01
7.149286329377578575e+00
-2.319409328053543717e+00
7.575181634867251823e+00
