# Feature Matrix
1.000000000000000000e+00 -1.832562625592471184e+00 1.447841123482004555e+00 3.815388018297056760e-01 -2.099014161366244302e+00 1.319476527961612078e+00 -2.870932817004844484e+00 5.739876156118750572e-02
1.000000000000000000e+00 -1.964298089736669306e+00 6.008295276621069547e-01 -3.482107140497769926e-01 1.142323568861742800e+00 -1.249919608363032841e+00 6.084464634577368969e-02 1.733350371261805911e-01
1.000000000000000000e+00 1.753944133517789439e+00 1.497100080075473016e+00 1.958799872209014303e+00 -1.706349836741870574e+00 1.611781620574157081e+00 2.315611570432260180e+00 1.805018755181157175e+00
1.000000000000000000e+00 1.906638240071241164e+00 -1.517828471815056313e+00 2.334760605074763795e+00 -1.293138032958274231e-01 -2.512749613547797800e-01 -2.805147221236226507e+00 3.391772266399275537e-01
1.000000000000000000e+00 -3.327662051244608676e-01 -3.576783837114820841e-01 -1.591172011072782055e+00 -2.947406358711710084e+00 -6.617607690525595387e-02 8.946561886104458239e-01 2.947929654874543282e+00
1.000000000000000000e+00 8.510997626898819668e-01 -1.653902844174876652e+00 1.925095326487236136e+00 8.370148629540832275e-01 1.964258900023819976e+00 2.515897161901730072e-01 2.454783347328959309e-01
1.000000000000000000e+00 1.192998217595035548e+00 4.332172107568519337e-01 2.540013670013508751e+00 -7.456244268245173501e-01 1.774987428448723925e+00 2.059655881090828089e+00 -2.518162924201260644e+00
1.000000000000000000e+00 -1.573808591321580019e+00 1.881592409688465750e+00 1.520887764918831486e+00 1.308609163951372167e+00 -2.042660077534869778e+00 -1.499591635923683164e+00 -2.718820716634012591e+00

# Target Variable
-3.018926778854508886e+00
-3.265194523552100048e+00
1.829962932471448767e+01
-1.391233799372709612e+01
-3.801863043978452872e+00
7.786503765681704436e+00
9.424013703929945862e+00
-2.871289967152719225e+00
